e1 = 0.9;
e2 = 0.7;
e3 = 0.5;
e4 = 0.3;